# Created by Octave 4.4.1, Tue Dec 04 22:29:40 2018 CET <khanhhh@khanhhh>
# name: pnts
# type: matrix
# rows: 19
# columns: 2
 1291.8386858146096 1219.6789793462608
 1643.8241670447596 1112.3663326297515
 1935.7145661136647 992.17616830726126
 1021.4108160890064 1086.6112974177895
 1356.2262738445152 970.7136389639594
 1639.5316611760991 880.5710157220916
 806.78552265598819 966.42113309529907
 1124.4309569368552 867.69349811611062
 1403.4438383997785 794.72089834888436
 1291.8386858146096 1614.5895192630146
 1635.2391553074385 1490.106849071864
 1909.9595309017022 1357.0391671433922
 1047.1658513009684 1447.1817903852602
 849.71058134259147 1314.1141084567889
 1304.7162034205903 1957.9899887558436
 1622.3616377014578 1816.3372950900516
 1875.6194839524196 1683.2696131615803
 1068.6283806442702 1764.8272246661272
 884.05062829187455 1610.2970133943541


