# Created by Octave 4.4.1, Tue Dec 04 22:27:31 2018 CET <khanhhh@khanhhh>
# name: pnts
# type: matrix
# rows: 19
# columns: 2
 926.97568697847828 1335.5766378000903
 1373.3962973191565 1288.3590732448265
 1772.5993431045708 1219.6789793462608
 789.61549918134642 1172.4614147909965
 1188.8185449667608 1120.9513443670721
 1562.2665555402127 1078.0262856804684
 686.59535833349764 1043.6862387311858
 1042.8733454323083 1009.3461917819026
 1390.5663207937978 975.00614483261973
 935.56069871579894 1760.5347187974667
 1369.1037914504959 1700.4396366362216
 1746.8443078926084 1623.1745310003353
 811.07802852464829 1571.6644605764109
 716.64289941412017 1425.7192610419584
 952.73072219044025 2138.2752352395792
 1364.8112855818354 2061.0101296036923
 1721.089272680646 1970.8675063618248
 832.54055786795016 1906.4799183319192
 738.10542875742203 1734.7796835855047


